AP50 | motion=   all = 0.7810
AP50 | motion=  fast = 0.5852
AP50 | motion=medium = 0.7729
AP50 | motion=  slow = 0.8566
Category AP:
airplane        : 0.9091
antelope        : 0.8702
bear            : 0.8557
bicycle         : 0.7141
bird            : 0.7359
bus             : 0.7470
car             : 0.6022
cattle          : 0.8251
dog             : 0.7725
domestic_cat    : 0.8942
elephant        : 0.8437
fox             : 0.8909
giant_panda     : 0.8413
hamster         : 0.9681
horse           : 0.7919
lion            : 0.5755
lizard          : 0.8106
monkey          : 0.5619
motorcycle      : 0.8265
rabbit          : 0.7463
red_panda       : 0.8588
sheep           : 0.5536
snake           : 0.7378
squirrel        : 0.5646
tiger           : 0.9201
train           : 0.8233
turtle          : 0.8329
watercraft      : 0.6631
whale           : 0.7446
zebra           : 0.9492

IoU: mean 0.57731, std 0.29287
FN: mean 0.25357, std 0.32821
box: mean 1.71250, std 6.06047
