AP50 | motion=   all = 0.8179
AP50 | motion=  fast = 0.6254
AP50 | motion=medium = 0.8101
AP50 | motion=  slow = 0.8721
Category AP:
airplane        : 0.9141
antelope        : 0.7851
bear            : 0.9092
bicycle         : 0.7607
bird            : 0.7693
bus             : 0.8377
car             : 0.6355
cattle          : 0.7854
dog             : 0.8371
domestic_cat    : 0.9022
elephant        : 0.8329
fox             : 0.9813
giant_panda     : 0.8645
hamster         : 0.9863
horse           : 0.8252
lion            : 0.8421
lizard          : 0.8708
monkey          : 0.6111
motorcycle      : 0.8391
rabbit          : 0.7895
red_panda       : 0.9068
sheep           : 0.6364
snake           : 0.7965
squirrel        : 0.5764
tiger           : 0.9198
train           : 0.8828
turtle          : 0.8128
watercraft      : 0.6991
whale           : 0.7660
zebra           : 0.9617

IoU: mean 0.60029, std 0.29774
FN: mean 0.24240, std 0.32752
box: mean 1.35671, std 4.50520
