AP50 | motion=   all = 0.7390
AP50 | motion=  fast = 0.5277
AP50 | motion=medium = 0.7289
AP50 | motion=  slow = 0.8226
Category AP:
airplane        : 0.8838
antelope        : 0.8473
bear            : 0.7707
bicycle         : 0.6755
bird            : 0.7170
bus             : 0.7409
car             : 0.5818
cattle          : 0.7892
dog             : 0.7335
domestic_cat    : 0.8421
elephant        : 0.8204
fox             : 0.8853
giant_panda     : 0.8234
hamster         : 0.9102
horse           : 0.7457
lion            : 0.5191
lizard          : 0.7504
monkey          : 0.5308
motorcycle      : 0.7916
rabbit          : 0.6385
red_panda       : 0.7446
sheep           : 0.5760
snake           : 0.5683
squirrel        : 0.4975
tiger           : 0.8694
train           : 0.8062
turtle          : 0.7903
watercraft      : 0.6305
whale           : 0.7304
zebra           : 0.9596

IoU: mean 0.54859, std 0.29427
FN: mean 0.25266, std 0.32061
box: mean 1.60478, std 6.03349
