AP50 | motion=   all = 0.7286
AP50 | motion=  fast = 0.5172
AP50 | motion=medium = 0.7112
AP50 | motion=  slow = 0.8104
Category AP:
airplane        : 0.8886
antelope        : 0.8564
bear            : 0.7582
bicycle         : 0.6725
bird            : 0.7111
bus             : 0.6519
car             : 0.5367
cattle          : 0.7618
dog             : 0.7096
domestic_cat    : 0.8198
elephant        : 0.8404
fox             : 0.9248
giant_panda     : 0.8378
hamster         : 0.9229
horse           : 0.7185
lion            : 0.4891
lizard          : 0.7285
monkey          : 0.5262
motorcycle      : 0.7699
rabbit          : 0.6201
red_panda       : 0.8491
sheep           : 0.5732
snake           : 0.5216
squirrel        : 0.4640
tiger           : 0.8501
train           : 0.7947
turtle          : 0.8128
watercraft      : 0.5867
whale           : 0.7111
zebra           : 0.9506

IoU: mean 0.53346, std 0.29467
FN: mean 0.25610, std 0.31455
box: mean 1.62595, std 5.44084
