AP50 | motion=   all = 0.6926
AP50 | motion=  fast = 0.4758
AP50 | motion=medium = 0.6787
AP50 | motion=  slow = 0.7728
Category AP:
airplane        : 0.8187
antelope        : 0.8366
bear            : 0.6842
bicycle         : 0.7285
bird            : 0.7003
bus             : 0.6097
car             : 0.5505
cattle          : 0.7369
dog             : 0.6132
domestic_cat    : 0.7856
elephant        : 0.7913
fox             : 0.8528
giant_panda     : 0.7993
hamster         : 0.8775
horse           : 0.6731
lion            : 0.4697
lizard          : 0.6963
monkey          : 0.4378
motorcycle      : 0.7877
rabbit          : 0.4945
red_panda       : 0.8109
sheep           : 0.5369
snake           : 0.4773
squirrel        : 0.4108
tiger           : 0.8158
train           : 0.7950
turtle          : 0.7823
watercraft      : 0.6216
whale           : 0.6648
zebra           : 0.9178

IoU: mean 0.50769, std 0.29884
FN: mean 0.25286, std 0.31375
box: mean 1.69594, std 5.65148
