AP50 | motion=   all = 0.8304
AP50 | motion=  fast = 0.6402
AP50 | motion=medium = 0.8205
AP50 | motion=  slow = 0.8916
Category AP:
airplane        : 0.9207
antelope        : 0.8667
bear            : 0.9043
bicycle         : 0.8018
bird            : 0.7830
bus             : 0.8255
car             : 0.6548
cattle          : 0.8235
dog             : 0.8562
domestic_cat    : 0.9160
elephant        : 0.8634
fox             : 0.9814
giant_panda     : 0.8748
hamster         : 0.9863
horse           : 0.8366
lion            : 0.8063
lizard          : 0.8720
monkey          : 0.6025
motorcycle      : 0.8579
rabbit          : 0.8341
red_panda       : 0.8784
sheep           : 0.6437
snake           : 0.8361
squirrel        : 0.5870
tiger           : 0.9322
train           : 0.8903
turtle          : 0.8281
watercraft      : 0.7012
whale           : 0.7898
zebra           : 0.9574

IoU: mean 0.61311, std 0.29286
FN: mean 0.22979, std 0.32133
box: mean 1.24900, std 4.86815
