AP50 | motion=   all = 0.7819
AP50 | motion=  fast = 0.5664
AP50 | motion=medium = 0.7673
AP50 | motion=  slow = 0.8644
Category AP:
airplane        : 0.9087
antelope        : 0.8630
bear            : 0.7980
bicycle         : 0.7313
bird            : 0.7505
bus             : 0.7321
car             : 0.6132
cattle          : 0.7762
dog             : 0.8068
domestic_cat    : 0.8625
elephant        : 0.8243
fox             : 0.8906
giant_panda     : 0.8481
hamster         : 0.9707
horse           : 0.7944
lion            : 0.6375
lizard          : 0.8036
monkey          : 0.5665
motorcycle      : 0.8136
rabbit          : 0.7384
red_panda       : 0.9024
sheep           : 0.5810
snake           : 0.6961
squirrel        : 0.5903
tiger           : 0.9117
train           : 0.8308
turtle          : 0.8412
watercraft      : 0.6699
whale           : 0.7553
zebra           : 0.9484

IoU: mean 0.57801, std 0.29735
FN: mean 0.25422, std 0.33325
box: mean 1.57709, std 5.57313
