AP50 | motion=   all = 0.7195
AP50 | motion=  fast = 0.5143
AP50 | motion=medium = 0.6992
AP50 | motion=  slow = 0.7969
Category AP:
airplane        : 0.8903
antelope        : 0.8614
bear            : 0.7593
bicycle         : 0.7141
bird            : 0.7009
bus             : 0.6445
car             : 0.5495
cattle          : 0.7538
dog             : 0.6817
domestic_cat    : 0.8174
elephant        : 0.8311
fox             : 0.8762
giant_panda     : 0.7985
hamster         : 0.9497
horse           : 0.7289
lion            : 0.3581
lizard          : 0.7462
monkey          : 0.4712
motorcycle      : 0.7693
rabbit          : 0.6201
red_panda       : 0.7991
sheep           : 0.5670
snake           : 0.5405
squirrel        : 0.5030
tiger           : 0.8813
train           : 0.7685
turtle          : 0.7376
watercraft      : 0.6247
whale           : 0.6937
zebra           : 0.9470

IoU: mean 0.54845, std 0.28689
FN: mean 0.24738, std 0.31334
box: mean 1.55089, std 4.76804
