AP50 | motion=   all = 0.7634
AP50 | motion=  fast = 0.5493
AP50 | motion=medium = 0.7499
AP50 | motion=  slow = 0.8422
Category AP:
airplane        : 0.8957
antelope        : 0.8779
bear            : 0.7917
bicycle         : 0.7280
bird            : 0.7366
bus             : 0.7682
car             : 0.6171
cattle          : 0.7152
dog             : 0.7947
domestic_cat    : 0.7982
elephant        : 0.8207
fox             : 0.8715
giant_panda     : 0.8807
hamster         : 0.9575
horse           : 0.7870
lion            : 0.4106
lizard          : 0.8014
monkey          : 0.5671
motorcycle      : 0.8124
rabbit          : 0.6445
red_panda       : 0.8667
sheep           : 0.5808
snake           : 0.7259
squirrel        : 0.5502
tiger           : 0.8979
train           : 0.8290
turtle          : 0.8394
watercraft      : 0.6471
whale           : 0.7380
zebra           : 0.9512

IoU: mean 0.57491, std 0.28962
FN: mean 0.25601, std 0.32605
box: mean 1.50037, std 5.15327
