AP50 | motion=   all = 0.8298
AP50 | motion=  fast = 0.6397
AP50 | motion=medium = 0.8218
AP50 | motion=  slow = 0.8886
Category AP:
airplane        : 0.9206
antelope        : 0.8392
bear            : 0.9041
bicycle         : 0.7956
bird            : 0.7841
bus             : 0.8230
car             : 0.6465
cattle          : 0.8307
dog             : 0.8497
domestic_cat    : 0.9258
elephant        : 0.8599
fox             : 0.9824
giant_panda     : 0.8710
hamster         : 0.9867
horse           : 0.8317
lion            : 0.8116
lizard          : 0.8698
monkey          : 0.6089
motorcycle      : 0.8516
rabbit          : 0.8358
red_panda       : 0.8759
sheep           : 0.6401
snake           : 0.8395
squirrel        : 0.6073
tiger           : 0.9325
train           : 0.8905
turtle          : 0.8257
watercraft      : 0.7094
whale           : 0.7896
zebra           : 0.9563

IoU: mean 0.61024, std 0.29497
FN: mean 0.23316, std 0.32401
box: mean 1.28469, std 4.75411
