AP50 | motion=   all = 0.7695
AP50 | motion=  fast = 0.5614
AP50 | motion=medium = 0.7533
AP50 | motion=  slow = 0.8471
Category AP:
airplane        : 0.8982
antelope        : 0.8322
bear            : 0.7837
bicycle         : 0.7377
bird            : 0.7318
bus             : 0.7446
car             : 0.6328
cattle          : 0.6952
dog             : 0.7623
domestic_cat    : 0.8674
elephant        : 0.8486
fox             : 0.9250
giant_panda     : 0.8666
hamster         : 0.9542
horse           : 0.8008
lion            : 0.4574
lizard          : 0.7891
monkey          : 0.5530
motorcycle      : 0.8190
rabbit          : 0.7345
red_panda       : 0.9002
sheep           : 0.5470
snake           : 0.7182
squirrel        : 0.5902
tiger           : 0.9114
train           : 0.8139
turtle          : 0.8472
watercraft      : 0.6177
whale           : 0.7484
zebra           : 0.9570

IoU: mean 0.57959, std 0.29065
FN: mean 0.25439, std 0.32866
box: mean 1.44554, std 5.09265
