AP50 | motion=   all = 0.7639
AP50 | motion=  fast = 0.5560
AP50 | motion=medium = 0.7473
AP50 | motion=  slow = 0.8482
Category AP:
airplane        : 0.8991
antelope        : 0.8706
bear            : 0.7988
bicycle         : 0.7055
bird            : 0.7248
bus             : 0.7457
car             : 0.6128
cattle          : 0.7894
dog             : 0.7413
domestic_cat    : 0.8575
elephant        : 0.8326
fox             : 0.9076
giant_panda     : 0.8589
hamster         : 0.9407
horse           : 0.7925
lion            : 0.5325
lizard          : 0.7935
monkey          : 0.5545
motorcycle      : 0.8245
rabbit          : 0.6775
red_panda       : 0.9115
sheep           : 0.5236
snake           : 0.6308
squirrel        : 0.5230
tiger           : 0.9166
train           : 0.8246
turtle          : 0.8191
watercraft      : 0.6099
whale           : 0.7386
zebra           : 0.9595

IoU: mean 0.57332, std 0.29373
FN: mean 0.25979, std 0.33272
box: mean 1.61339, std 5.43955
