AP50 | motion=   all = 0.7607
AP50 | motion=  fast = 0.5554
AP50 | motion=medium = 0.7464
AP50 | motion=  slow = 0.8357
Category AP:
airplane        : 0.9007
antelope        : 0.8693
bear            : 0.8051
bicycle         : 0.7416
bird            : 0.7293
bus             : 0.6501
car             : 0.6085
cattle          : 0.7652
dog             : 0.7411
domestic_cat    : 0.8482
elephant        : 0.8293
fox             : 0.9246
giant_panda     : 0.8616
hamster         : 0.9185
horse           : 0.7760
lion            : 0.3877
lizard          : 0.7906
monkey          : 0.5568
motorcycle      : 0.8181
rabbit          : 0.7025
red_panda       : 0.9121
sheep           : 0.6012
snake           : 0.6868
squirrel        : 0.5248
tiger           : 0.9079
train           : 0.8191
turtle          : 0.8194
watercraft      : 0.6229
whale           : 0.7498
zebra           : 0.9529

IoU: mean 0.56220, std 0.29565
FN: mean 0.26539, std 0.33103
box: mean 1.66030, std 5.94543
